1
1
1
2
3
3
2
2
1

2
2
2
2
2
2
2
2
2

3
3
3
3
3
3
3
3
3

0
0
0
0
0
0
0
0
0

off
off
off
off
off
off
off
off
off
off

on
on
on
off
off
off
off
off
off
off

00
00
11

00
00
12

00
00
13

00
00
14

00
00
15

00
00
16

00
00
17

00
00
18

00
00
19

00
01
00

00
02
00

00
03
00

00
04
00

00
05
00

00
06
00

00
07
00

00
08
00

00
09
00

01
00
00

02
00
00

03
00
00

04
00
00

05
00
00

06
00
00

07
00
00

08
00
00

09
00
00

00
00
01

00
00
02

00
00
03

00
00
04

00
00
05

00
00
06

00
00
07

00
00
08

00
00
09


566